0 3 0
1 5 12
0 4108 15
1 1039 15
1 1893 15
1 2207 15
1 3787 15
0 8756 15
0 68185 15
1 6 12
1 7 12
1 8 12
0 642 12
0 3356 12
0 3459 12
0 19856 12
0 61879 12
1 10 9
1 196 9
1 880 9
1 884 9
1 2354 9
1 3316 9
0 3320 9
0 3456 9
1 3788 9
0 3919 9
0 12461 9
0 54434 9
0 69113 9
1 878 0
0 3553 9
1 3183 9
1 3505 9
0 6004 9
0 61848 9
0 29221 0
1 559 18
0 32847 30
1 561 30
1 21118 30
0 32848 30
0 32985 30
0 33043 30
0 33086 30
0 33097 30
0 33101 30
0 33102 30
0 33250 30
0 45062 30
0 2805 18
1 2846 18
1 2847 18
1 10299 18
0 28588 28
1 5428 28
1 7090 28
1 18799 28
0 28801 28
0 28802 28
0 28803 28
0 28805 28
0 28806 28
0 28807 28
0 28804 27
0 28808 27
0 16483 24
1 2848 24
1 12214 24
0 22255 24
0 28402 24
0 28428 24
0 28434 24
0 28580 24
0 28783 24
0 28797 24
1 3305 21
0 22278 21
0 28466 21
0 28798 21
1 4039 20
0 23164 18
0 28829 18
0 28830 18
0 28831 18
0 28833 18
0 28834 18
0 28835 18
0 28836 18
0 28837 18
0 28838 18
0 28839 18
0 28840 18
0 28841 18
1 10298 16
0 4175 15
1 4038 15
1 4040 15
0 13326 15
0 17374 15
1 8781 15
1 10297 15
0 21009 15
1 14741 15
0 28471 15
0 33329 15
0 33357 15
0 33363 15
0 33364 15
0 35165 15
0 36252 15
0 36825 15
0 37719 15
0 42155 15
0 42162 15
1 6179 12
1 16543 12
1 18932 12
0 28790 12
0 28832 12
0 33083 12
1 12215 9
0 14414 9
1 10919 9
1 18719 9
1 21242 9
0 28796 9
0 28843 9
0 28845 9
0 28846 9
0 32266 9
1 16541 9
1 20787 9
0 32268 9
0 32269 9
0 32303 9
0 32305 9
0 32312 9
0 33084 9
0 33367 9
0 37346 9
0 42142 9
0 42143 9
0 42157 9
1 7443 0
0 53860 9
1 8090 9
1 30892 9
0 63720 9
0 67127 9
1 8263 0
0 60776 9
1 14330 9
1 26607 9
0 44711 9
1 1881 9
0 61184 9
0 78579 9
0 78726 9
1 334 0
0 51343 9
1 630 9
0 23284 21
1 659 21
1 3949 21
0 29983 21
0 40040 21
0 40081 21
0 40083 21
0 43839 21
0 50548 21
1 665 16
1 14951 15
0 40008 15
0 40325 15
0 44162 12
1 26349 12
0 44163 12
0 44596 12
0 44599 12
0 34694 9
1 666 9
1 677 9
0 40456 9
0 44686 9
0 51346 9
0 51348 9
1 1061 0
0 16222 9
1 4823 9
1 7744 9
0 36827 9
0 45596 9
1 5602 0
0 13047 9
1 5603 9
1 10155 9
0 20741 9
0 20794 9
0 1383 0
1 266 18
0 181 18
1 267 18
1 268 18
0 3748 18
0 4045 18
0 20592 18
0 44242 18
1 5044 0
0 5490 15
1 5043 15
1 5045 15
0 5491 15
0 5492 15
0 25292 15
0 66934 15
0 15462 0
1 3551 21
1 4516 21
1 5786 21
0 6412 21
0 33483 21
0 33502 21
0 58240 21
0 60564 21
0 70124 21
1 427 0
0 4796 9
1 223 9
1 3597 9
0 6162 9
0 50194 9
1 1157 0
0 34932 9
1 1501 12
1 1502 12
1 1918 12
0 1705 30
1 1652 30
1 1917 30
0 2550 30
0 4615 30
0 6842 30
0 9712 30
0 14819 30
0 14837 30
0 14885 30
0 15419 30
0 51769 30
1 1919 12
0 34936 12
1 10438 12
0 13585 21
1 1159 21
1 2297 21
0 13729 21
0 50278 21
0 51031 21
0 56420 21
0 56422 21
0 57404 21
0 49987 16
1 27904 16
1 27905 16
0 50004 16
0 50006 16
0 50010 16
0 49860 15
1 19251 15
1 27325 15
0 49862 15
0 49866 15
0 49867 15
0 49983 15
0 60041 15
0 34706 12
1 1181 12
1 1182 12
0 15111 12
1 11323 12
0 35370 12
0 36659 12
0 40025 12
0 42569 12
0 56469 12
0 56796 12
0 66236 12
0 81455 12
0 84889 12
0 84906 12
0 1290 9
1 1499 9
1 22314 9
0 35215 9
0 36972 9
0 38715 9
1 23980 9
0 38741 9
1 23993 9
0 38749 9
0 49854 9
1 25620 9
0 49856 9
0 49857 9
0 50015 9
1 10855 9
0 50017 9
0 50029 9
0 50254 9
0 55471 9
0 56508 9
0 60090 9
1 173 9
0 60107 9
0 64599 9
0 69897 9
0 73156 9
0 77154 9
0 81220 9
0 81518 9
0 82901 9
0 85695 9
1 1156 0
0 15509 9
1 10515 9
1 11613 9
0 40281 9
0 56373 9
1 1248 0
0 11981 12
1 2690 12
1 3072 12
0 33785 12
0 34665 12
0 34838 12
1 2106 0
0 11722 24
1 5270 24
1 6632 24
0 15661 24
0 20378 24
0 23986 24
0 82214 24
0 84794 24
0 85715 24
0 86107 24
1 5222 0
0 7034 12
1 5223 12
1 6205 12
0 7580 12
0 8117 12
0 13450 12
1 7865 12
0 21413 30
1 5538 30
1 5977 30
0 21429 30
0 24790 30
0 26581 30
0 27840 30
0 34407 30
0 35297 30
0 37395 30
0 43454 30
0 47977 30
0 88079 20
1 20929 20
1 27438 20
0 88552 20
0 88553 20
0 88554 20
0 88646 20
0 19223 18
1 13746 18
0 19333 18
0 21651 18
0 26165 18
0 28745 18
0 64076 18
0 76229 18
0 13451 12
0 13452 12
0 14134 12
0 18916 12
1 5539 12
0 72618 15
1 8379 15
1 11812 15
0 79043 15
0 79044 15
0 79716 15
0 84695 15
0 19596 12
0 20010 12
0 20619 12
0 25497 12
1 6498 9
0 6685 9
1 5976 9
1 5978 9
1 7700 9
0 7820 9
1 6819 9
1 6820 9
1 10080 9
1 10411 9
0 12541 9
1 9730 9
1 9830 9
0 14409 9
0 16354 9
1 1095 9
0 54574 24
1 1096 24
1 6368 24
1 31337 24
0 56531 24
0 57546 24
0 58011 24
0 64518 24
0 68188 24
0 9288 21
0 59207 21
0 2402 15
1 1097 15
1 2585 15
0 7870 15
0 10310 15
0 10312 15
0 34310 15
1 16346 15
1 18609 15
0 34311 15
0 41932 15
0 47208 15
0 47209 15
0 75582 15
1 6601 12
1 10216 12
0 49456 12
0 918 9
1 1255 9
0 7207 9
0 16941 9
0 18307 9
1 6020 9
0 18458 9
1 6575 9
0 7610 18
1 5548 18
1 5549 18
1 5551 18
0 10370 18
0 11315 18
0 15002 18
0 22286 18
0 66040 18
0 71615 18
0 84976 18
0 85124 18
0 6109 15
0 6131 15
0 13613 12
1 8658 12
0 27611 12
0 44905 12
1 6798 12
0 64966 15
1 5907 15
1 19192 15
0 72619 15
0 74052 15
0 84048 15
0 84063 15
1 6799 12
0 46722 12
0 59030 12
0 65498 12
0 67512 12
0 85471 12
1 1279 9
0 6640 18
1 1278 18
1 5937 18
0 6642 18
0 11095 18
0 16745 18
0 16845 18
0 17379 18
1 12734 21
1 12735 21
1 12736 21
1 12737 21
1 12738 21
1 12739 21
1 12740 21
0 21456 21
0 23422 21
1 5550 9
0 7347 9
1 10415 9
0 13538 9
0 19249 9
1 8222 9
0 19493 9
0 20070 9
1 14122 9
1 14125 9
0 20072 9
0 21955 9
0 22017 9
0 27287 9
1 18085 9
0 67528 12
1 37645 12
1 37646 12
1 37647 12
0 83894 12
0 86840 12
1 18086 9
0 28299 9
1 10206 9
1 18635 9
0 28599 9
0 30005 9
0 30855 9
1 20058 9
0 30945 9
0 33460 9
1 21463 9
0 34263 9
0 34967 9
0 37020 9
1 12131 9
1 23218 9
0 39326 9
0 39668 9
0 40626 9
0 47893 9
0 49849 9
0 49884 9
0 50887 9
0 51163 9
1 29695 9
1 29696 9
0 51620 9
0 52115 9
1 4738 9
0 11002 16
1 5693 16
1 8740 16
1 8742 16
0 12149 16
1 802 30
0 576 30
1 803 30
1 804 30
0 7560 30
0 10567 30
0 10760 30
0 12148 30
0 13530 30
0 13532 30
0 16906 30
0 37503 30
0 12203 16
0 14684 16
1 6365 15
0 10905 15
1 798 12
1 799 12
1 800 12
1 801 12
0 6227 12
1 8647 9
1 9566 9
0 12687 9
1 9922 9
0 13198 9
0 13570 9
0 13571 9
0 21941 9
0 23836 9
0 52732 9
0 52833 9
1 5796 9
0 47718 24
1 5795 24
0 53677 33
1 8459 33
1 28811 33
0 62471 33
0 67390 33
0 69408 33
0 74761 33
0 75289 33
0 76460 33
0 79216 33
0 83506 33
0 84658 33
0 85604 33
1 28013 24
0 50117 24
0 68070 24
1 37866 24
0 69114 24
0 69580 24
0 69709 24
0 73185 24
0 73683 24
0 75657 24
0 79185 24
0 83850 24
0 84452 24
0 38158 15
1 11998 15
1 12009 15
0 38217 15
0 42615 15
0 43044 15
0 46013 15
0 74454 15
1 21874 12
1 30522 12
0 39954 12
1 6744 12
1 8115 12
1 40970 12
0 42035 12
0 44597 12
0 49452 12
1 12985 12
0 52044 12
0 61999 12
0 64373 12
0 66609 12
0 71753 12
0 72052 12
0 73054 12
0 73315 12
1 3134 12
0 73316 12
0 73478 12
0 73788 12
0 3133 9
1 3137 9
1 3138 9
0 6754 9
0 17785 9
0 17788 9
0 41006 9
0 54031 9
0 55594 9
0 56392 9
0 59743 9
0 60226 9
0 60436 9
1 34364 9
0 62355 9
0 63827 9
0 68531 9
0 69742 9
1 6343 9
1 25767 9
0 70133 9
1 15616 9
1 30707 9
0 71231 9
0 72589 9
0 73028 9
1 37461 9
1 38113 9
0 73314 9
0 73352 9
0 74061 9
0 74278 9
0 74655 9
0 76163 9
0 76749 9
1 21822 9
0 76853 9
0 77171 9
1 9039 9
1 41571 9
1 41572 9
0 77350 9
0 77366 9
0 77406 9
0 78017 9
0 78044 9
0 78202 9
0 78223 9
1 18381 9
0 78384 9
0 80263 9
0 80458 9
0 80561 9
0 80756 9
0 81240 9
0 81294 9
0 83178 9
0 84121 9
0 84132 9
0 85487 9
1 18745 9
0 85623 9
0 86309 9
0 86406 9
0 86860 9
0 87269 9
0 87377 9
1 1129 0
0 952 12
1 208 12
1 1130 12
1 1131 12
1 1132 12
0 7368 12
0 8502 12
0 89305 12
1 2138 0
0 17792 15
1 12988 15
1 12990 15
1 12991 15
1 12992 15
0 18038 15
0 35756 15
0 23537 12
1 2137 12
1 16059 12
0 31489 15
1 12113 15
1 12114 15
0 71024 15
0 71025 15
0 72644 15
0 72689 15
1 16082 12
0 29334 12
0 85438 12
0 85439 12
0 1901 9
1 2139 9
1 16083 9
0 51415 9
0 71323 9
0 74200 9
1 3389 0
0 11028 30
1 4953 30
1 8827 30
1 8828 30
1 8829 30
0 11863 30
0 27496 30
0 40667 30
0 64758 30
0 69161 30
1 4954 15
0 5364 15
0 15086 15
0 25310 15
0 32047 15
1 4358 9
0 18993 12
1 1779 12
0 20792 48
1 3250 51
1 3251 51
1 3252 51
0 3280 51
0 23246 51
0 23247 51
0 23300 51
0 23371 51
0 23372 51
0 23374 51
0 23375 51
0 23381 51
0 23384 51
0 23386 51
0 23387 51
0 23389 51
0 23396 51
0 25765 51
0 30323 51
1 11409 48
1 14598 48
0 20925 48
0 23391 48
0 27458 48
0 37748 48
0 37749 48
0 37750 48
0 37797 48
0 45612 48
0 46758 48
0 51908 48
0 54369 48
0 63835 48
0 16221 32
0 23464 32
0 23465 32
1 8410 24
1 7545 12
0 23587 12
0 30899 12
0 35187 12
0 8519 9
0 9178 9
0 29613 9
1 14686 9
0 39358 9
0 39360 9
0 81817 9
1 29639 9
1 39900 9
0 81818 9
0 81820 9
1 3322 0
0 9041 24
1 3477 24
1 4185 24
1 4901 24
0 9213 24
0 10093 24
0 12866 24
0 27091 24
0 35325 24
0 27856 21
1 4159 0
0 4322 15
1 4158 15
1 4160 15
0 4813 15
0 4814 15
0 11195 15
0 12629 15
0 27981 12
1 9986 12
0 13978 33
1 2831 33
1 9987 33
0 20822 33
0 21587 33
0 24039 33
0 27079 33
0 27246 33
0 27247 33
0 30979 33
0 33493 33
0 37123 33
0 37885 33
0 16746 15
1 2610 15
1 2611 15
0 22974 15
0 25408 15
0 27565 15
0 31341 15
1 9408 15
0 32361 15
0 32623 15
0 34155 15
0 34156 15
0 85612 15
1 6923 12
1 18206 12
1 18248 12
0 23527 12
1 4648 12
0 27242 12
0 27562 12
1 6902 12
1 15066 12
0 27595 12
0 28212 12
0 28967 12
0 32377 12
0 37895 12
1 14107 12
0 38304 12
0 44467 12
0 45582 12
0 63244 12
0 63670 12
0 84136 12
0 88000 12
0 88245 12
1 12941 9
0 27266 9
0 27561 9
0 36818 9
1 6018 9
1 11425 9
0 19584 12
1 7270 12
1 8823 12
0 21496 12
0 30031 12
0 38692 12
0 46043 9
0 46047 9
0 49522 9
1 16375 9
1 17472 9
0 51021 9
0 57432 9
0 68003 9
1 6271 9
1 17178 9
0 79502 9
0 82458 9
1 4649 0
0 10100 9
1 6764 9
0 11355 45
1 6305 45
1 6307 45
1 9052 45
1 9053 45
0 14014 45
0 17071 45
0 17072 45
0 17073 45
0 18926 45
0 25846 45
0 26592 45
0 26594 45
0 26595 45
0 26597 45
0 26598 45
0 26614 45
0 26615 45
0 37904 45
0 26593 42
0 26620 42
0 26623 42
0 33485 42
0 36939 42
0 37482 42
0 37484 42
0 45390 42
0 26596 39
1 14315 16
0 20312 12
1 3508 12
0 3558 12
1 1713 12
0 1502 100
1 1714 100
1 1715 100
1 1716 100
0 5134 100
0 5154 100
0 6544 100
0 6616 100
0 6617 100
0 7892 100
0 7893 100
0 7895 100
0 8130 100
0 8712 100
0 8713 100
0 17172 100
0 20444 100
0 22360 100
0 22365 100
0 22366 100
0 28171 100
0 28983 100
0 33333 100
0 45434 100
0 45435 100
0 59843 100
0 85662 100
0 87495 100
0 8275 87
0 47578 87
0 49407 87
0 49408 87
0 6146 12
1 5584 12
1 5585 12
0 9513 12
1 5694 12
1 7616 12
0 8927 21
1 7615 21
1 7617 21
0 8975 21
0 8976 21
0 8991 21
0 9009 21
0 9010 21
0 9078 21
1 7678 21
1 7679 21
0 9080 21
0 9081 21
0 9502 21
0 33761 21
0 37434 21
0 43286 21
0 43587 21
1 7680 16
0 9514 12
0 9926 12
0 13159 12
1 14314 12
0 15666 12
0 18187 12
0 24151 12
0 32961 12
0 32962 12
0 33052 12
0 56791 12
0 6298 9
1 5695 9
1 6306 9
0 7137 9
1 8219 9
0 10204 9
0 11577 9
0 19758 9
1 14011 9
0 22857 9
0 30359 9
0 35100 9
0 38452 9
1 2027 0
0 1808 70
1 2026 70
1 2028 70
1 2029 70
1 2030 70
0 7179 70
0 14948 70
0 18446 70
0 18467 70
0 21690 70
0 22786 70
0 23485 70
0 24537 70
0 27094 70
0 33638 70
0 33665 70
0 35289 70
0 41609 70
0 27235 64
0 35193 64
0 39341 60
0 4825 54
0 27086 54
0 27955 54
0 39523 54
0 31833 48
1 4562 12
1 4652 0
0 10947 16
1 2215 72
0 1979 72
1 2216 72
1 2218 72
0 4710 72
0 4715 72
0 9988 72
0 11895 72
0 12017 72
0 12088 72
0 12535 72
0 12536 72
0 18221 72
0 18226 72
0 20304 72
0 21283 72
0 22665 72
0 23831 72
0 50013 72
0 50291 72
0 50770 72
0 51242 72
0 53237 72
0 56408 72
0 67551 72
0 85065 72
1 9826 32
1 2217 15
0 6318 15
0 23774 15
1 67 15
0 38 15
0 39 15
0 41 15
1 68 15
1 70 15
0 4437 15
1 5189 0
0 5658 136
1 5186 136
1 5187 136
1 5188 136
0 5659 136
0 5668 136
0 5669 136
0 5671 136
0 5692 136
0 5700 136
0 7448 136
0 7922 136
0 11233 136
0 13283 136
0 15385 136
0 16337 136
0 47187 136
0 47641 136
0 50007 136
0 52853 136
0 53720 136
0 53990 136
0 58602 136
0 58700 136
0 68326 136
0 73026 136
0 76944 136
0 77965 136
0 77966 136
0 79333 136
0 80514 136
0 81596 136
0 81603 136
0 81649 136
0 81651 136
0 81653 136
0 81655 136
1 4067 55
0 55861 16
1 5612 16
1 7463 16
1 22135 16
0 55862 16
0 55863 16
0 55864 16
0 15075 15
1 4355 32
1 6477 32
1 6478 32
1 9554 32
0 12125 32
0 12358 32
0 18196 32
0 23759 32
0 24514 32
0 37789 32
0 60261 32
0 16776 27
0 18433 15
0 55865 15
0 7344 12
1 6479 12
1 8968 12
1 8969 12
1 8970 12
0 14009 12
0 14844 12
0 20442 12
0 32295 12
0 36571 12
0 60240 12
0 12321 9
1 9576 9
1 9689 9
0 13431 9
0 16834 9
0 24924 9
1 13982 9
0 27663 9
0 33940 9
1 3133 9
0 3130 123
1 3131 123
1 3132 123
0 4076 123
0 4263 123
0 4391 123
0 4398 123
0 4399 123
0 4400 123
0 4401 123
0 4402 123
0 4404 123
0 4405 123
0 4406 123
0 4407 123
0 4420 123
0 4421 123
0 4422 123
0 4434 123
0 4745 123
0 4746 123
0 5117 123
0 6116 123
0 8763 123
0 9715 123
0 11123 123
0 12552 123
0 12553 123
0 14178 123
0 14962 123
0 15273 123
0 15813 123
0 15841 123
0 19086 123
0 19159 123
0 35778 123
0 36208 123
0 37580 123
0 39533 123
0 41346 123
0 43097 123
0 55381 123
0 55858 123
1 3130 116
1 4227 44
1 3941 20
1 7121 9
0 33942 9
0 39400 9
0 40978 9
1 5567 0
0 7239 24
1 6399 24
1 6400 24
0 10210 24
0 24356 24
0 24368 24
0 27141 24
0 32881 24
0 33593 24
0 56193 24
1 5622 0
0 6229 21
1 5623 21
1 5624 21
0 9943 21
0 47368 21
0 55736 21
0 59061 21
0 59114 21
0 72863 21
1 6197 12
0 8280 12
1 5864 0
0 7016 12
1 6213 12
1 6214 12
0 38129 12
0 38264 12
0 38268 12
0 6529 9
1 5862 9
1 5863 9
0 38265 9
0 38270 9
1 5540 0
0 65201 12
1 14043 12
1 36550 12
0 69759 12
0 77740 12
0 79389 12
1 6111 0
0 32550 9
1 6112 9
1 20942 9
0 34463 9
0 83655 9
1 6499 0
0 10895 9
1 8723 9
1 8724 9
0 18682 9
0 19201 9
1 5785 0
0 11053 12
1 8641 12
1 8845 12
0 11624 12
0 11625 12
0 11627 12
1 6433 0
0 17542 9
1 12830 9
1 12831 9
0 56768 9
1 23018 9
0 58643 9
0 82112 9
1 1925 0
0 19153 9
1 1926 9
1 13700 9
0 30614 9
0 42757 9
0 7686 0
1 6032 27
1 6737 27
1 6738 27
0 22480 27
0 25369 27
0 25370 27
0 26427 27
0 31583 27
0 32139 27
0 39228 27
0 55991 27
1 8393 0
0 10344 36
1 2770 36
1 8394 36
0 26262 36
0 27456 36
0 27459 36
0 27461 36
0 27463 36
0 27466 36
0 27467 36
0 27468 36
0 27469 36
0 27470 36
0 27473 36
0 37565 12
1 13715 12
1 17163 12
0 37576 12
0 37689 12
0 37742 12
0 20645 9
1 5410 9
1 8365 9
0 27475 9
0 27532 9
1 4413 0
0 4644 12
1 4412 12
1 4414 12
0 11136 12
0 13583 12
0 15320 12
1 9423 0
0 72556 27
1 39798 27
1 39799 27
0 82509 27
0 82588 27
0 82615 27
0 87260 27
0 88885 27
0 88901 27
0 88918 27
0 88936 27
1 2795 0
0 2733 21
0 2746 21
0 2747 21
0 2750 21
0 2751 21
0 2756 21
0 2758 21
1 2796 21
1 2797 21
1 2190 0
0 1955 45
1 2191 45
1 2192 45
0 2319 45
0 9488 45
0 9917 45
0 10029 45
0 10443 45
0 14166 45
0 14607 45
0 18051 45
0 18843 45
0 20160 45
0 25797 45
0 32574 45
0 33511 45
0 44994 45
1 9598 0
0 26835 9
1 6772 9
1 16568 9
1 17853 9
0 28686 9
1 18403 9
1 18850 9
0 31420 9
1 20379 9
0 39054 9
1 11508 9
1 13437 9
0 41665 9
0 44189 9
1 26365 9
0 44190 9
0 48189 9
0 63165 9
0 64435 9
0 67006 9
0 67219 9
0 73919 9
0 9932 0
1 8136 54
1 8137 54
1 8138 54
0 12003 54
0 13716 54
0 14787 54
0 15451 54
0 16476 54
0 16477 54
0 16478 54
0 25320 54
0 39809 54
0 41973 54
0 43197 54
0 53114 54
0 54660 54
0 55662 54
0 86976 54
0 87408 54
0 87412 54
1 10505 28
1 10506 28
0 13713 28
0 31791 28
0 84178 28
1 10504 27
0 13699 27
0 13712 27
0 14927 27
0 17522 27
0 16448 15
1 12187 15
0 16450 15
0 17477 15
0 46377 15
0 48823 15
0 17521 12
1 12817 12
1 12819 12
0 17523 12
0 17524 12
1 27407 12
0 47443 12
0 49579 12
1 10518 9
0 24449 9
1 16592 9
0 40844 9
0 41808 9
1 7017 0
0 8124 12
1 6466 12
1 6467 12
0 8437 12
0 8438 12
0 11528 12
0 11468 0
1 9127 9
1 9128 9
1 9129 9
0 25346 9
0 59633 9
0 11548 0
1 6264 54
1 6265 54
1 6266 54
1 6904 54
1 6905 54
1 6906 54
0 7935 54
0 7936 54
0 11886 54
0 24497 54
0 24644 54
0 42328 54
0 42335 54
0 66259 54
0 7072 42
0 7933 42
0 24319 42
0 24643 42
0 25574 42
0 19847 40
0 23331 30
1 11867 0
0 60585 9
1 11866 9
1 23961 9
0 62467 9
1 20176 9
0 72976 15
1 27959 15
1 36528 15
0 74510 15
0 79747 15
0 83449 15
0 83965 15
0 64255 9
0 73931 9
1 33453 9
1 39826 9
0 72657 9
1 39825 9
0 74002 9
0 74133 9
0 76100 9
0 82511 9
0 83967 9
0 84824 9
1 9790 0
0 16983 12
1 8098 12
1 8099 12
0 21375 12
0 21376 12
0 21430 12
0 39996 9
1 8088 9
0 9871 9
1 5090 9
0 62305 15
1 35342 15
1 35343 15
0 72780 15
0 75971 15
0 87130 15
0 88905 15
1 8087 9
1 18538 9
0 19268 9
0 20656 9
1 20706 9
0 41858 9
0 47963 9
0 58014 9
0 67106 9
1 2667 0
0 7947 9
1 6908 9
1 6909 9
0 12479 9
0 29260 9
1 10326 0
0 39198 9
1 12999 9
1 20365 9
0 39805 9
0 43369 9
0 8505 0
1 6546 75
1 6547 75
1 7284 75
0 13771 75
0 14281 75
0 15444 75
0 15971 75
0 23034 75
0 28198 75
0 31157 75
0 31158 75
0 33228 75
0 35795 75
0 35862 75
0 42617 75
0 50541 75
0 79098 75
0 79099 75
0 83943 75
0 83949 75
0 83982 75
0 84374 75
0 84488 75
0 84489 75
0 84546 75
0 85143 75
0 85640 75
1 8484 0
0 58164 16
1 18448 16
1 31611 16
1 33251 16
0 62647 16
0 70633 16
0 79283 16
0 55078 15
1 10883 0
0 14363 9
1 10882 9
1 10884 9
0 27704 9
0 35104 9
1 10885 0
0 17008 15
1 12546 15
1 12547 15
1 12548 15
1 12549 15
0 54058 15
0 76440 15
0 29168 9
1 6916 9
1 19139 9
0 39534 9
0 54682 9
1 4016 0
0 7970 15
1 5925 15
1 6631 15
0 18754 15
0 21077 15
0 21078 15
0 64009 15
0 21079 9
1 13695 9
1 14768 9
0 57145 9
0 58440 9
1 5154 0
0 6596 24
1 5919 24
1 5920 24
0 6601 24
0 10766 24
0 30139 24
0 36111 24
0 37360 24
0 37361 24
0 46405 24
1 8399 15
0 10350 15
0 58068 15
0 62881 12
1 5155 9
1 3139 0
0 51527 15
1 12552 15
1 28851 15
0 56559 15
0 63754 15
0 71258 15
0 72512 15
1 23015 9
0 65772 9
0 69051 9
1 3140 9
1 38256 9
0 75738 9
0 76796 9
1 6053 0
0 6778 12
1 6050 12
1 6051 12
1 6052 12
0 6830 12
0 8456 12
0 80815 12
1 17491 0
0 26135 15
1 17492 15
1 17493 15
0 44449 15
0 44450 15
0 44451 15
0 58026 15
1 7264 0
0 10505 24
1 5074 24
1 8504 24
0 13868 24
0 14523 24
0 18788 24
0 31904 24
0 32173 24
0 36236 24
0 41944 24
1 5981 0
0 6814 27
1 5982 27
1 6079 27
0 17495 27
0 28393 27
0 32061 27
0 34288 27
0 34320 27
0 34452 27
0 34625 27
0 42334 27
0 34291 9
1 8337 9
0 34460 9
0 55256 9
1 12498 0
0 32333 9
1 20820 9
1 20821 9
0 34270 9
0 34272 9
0 20141 0
1 2422 15
0 2205 15
1 2423 15
1 2424 15
0 6839 15
0 18599 15
0 86859 15
0 21346 0
1 7769 9
1 12550 9
1 13860 9
0 21343 9
0 21347 9
1 8260 0
0 10161 15
1 8261 15
1 8262 15
0 50200 15
0 69435 15
0 73849 15
0 87035 15
0 21576 0
1 13552 12
1 13553 12
1 13899 12
0 19570 12
0 20839 12
0 21928 12
1 13554 9
0 18893 9
0 20591 9
1 10258 0
0 13258 9
1 4133 9
1 10259 9
0 13259 9
0 19310 9
0 7779 0
1 325 12
0 230 12
1 326 12
1 327 12
0 5118 12
0 7223 12
0 23843 0
1 4465 30
1 5212 30
1 5961 30
0 6671 30
0 6673 30
0 6674 30
0 7232 30
0 7233 30
0 8897 30
0 19278 30
0 19487 30
0 76945 30
1 5960 28
1 5170 12
1 16818 0
0 62351 15
1 18231 15
1 31825 15
0 82271 15
0 84409 15
0 84942 15
0 87867 15
1 812 0
0 590 12
1 822 12
1 823 12
0 25989 12
0 25993 12
0 57719 12
0 7425 9
1 6550 9
0 32044 9
0 65423 9
1 8384 0
0 10324 24
1 8385 24
1 8386 24
0 19664 24
0 47756 24
0 47794 24
0 47795 24
0 47797 24
0 47798 24
0 47800 24
1 15137 0
0 37034 9
1 18071 9
1 18102 9
0 74527 9
0 87192 9
1 10433 0
0 85392 9
1 19571 9
1 33488 9
0 86705 9
0 86762 9
0 29592 0
1 10778 36
1 10779 36
1 10780 36
0 14155 36
0 18871 36
0 37057 36
0 41238 36
0 53797 36
0 55258 36
0 72907 36
0 74240 36
0 76528 36
0 76831 36
0 88356 36
0 30799 0
1 682 9
0 1915 12
1 622 12
1 714 12
0 3337 12
0 4037 12
0 9376 12
0 501 9
0 502 9
1 710 9
1 713 9
1 1793 9
1 1794 9
0 6286 9
0 6287 9
1 247 0
0 5427 9
1 1767 9
1 1969 9
0 12752 9
0 28825 9
1 480 0
0 11403 9
1 481 9
1 9082 9
0 28459 9
0 28470 9
0 34326 0
1 20139 21
1 20140 21
1 20141 21
0 30986 21
0 33674 21
0 41350 21
0 69034 21
0 77482 21
0 79473 21
1 21556 20
1 21557 16
1 20138 12
0 35368 0
1 4287 21
1 4288 21
1 4289 21
0 4490 21
0 8540 21
0 35372 21
0 35375 21
0 49934 21
0 73984 21
1 2867 0
0 19914 18
1 2868 18
1 14111 18
0 19915 18
0 26237 18
0 26682 18
0 29717 18
0 56355 18
0 37913 0
1 1770 9
1 1771 9
0 2390 9
1 2577 9
0 3612 9
1 3555 9
0 15935 9
0 53149 9
1 1618 0
0 1399 9
1 1619 9
1 1620 9
0 1640 9
0 3737 9
0 38555 0
1 1464 81
0 1259 81
1 1465 81
1 1466 81
0 3681 81
0 4964 81
0 5306 81
0 6058 81
0 6489 81
0 6490 81
0 6978 81
0 8089 81
0 8174 81
0 8333 81
0 9387 81
0 9808 81
0 10852 81
0 11728 81
0 13658 81
0 13823 81
0 14026 81
0 17165 81
0 17188 81
0 17442 81
0 18730 81
0 19244 81
0 22894 81
0 28896 81
0 36615 81
1 4300 56
0 5885 54
0 11675 54
0 16932 54
0 74567 54
0 4511 48
0 17444 48
1 24616 0
0 61146 9
1 24617 9
1 34767 9
0 65853 9
0 67271 9
0 40461 0
1 3550 12
1 4309 12
1 10531 12
1 10532 12
0 13741 12
0 51215 12
0 40513 0
1 5365 116
1 5366 116
1 5367 116
1 5368 116
0 5888 116
0 8543 116
0 8700 116
0 10004 116
0 10019 116
0 11946 116
0 12447 116
0 12517 116
0 14266 116
0 14632 116
0 15078 116
0 15741 116
0 15891 116
0 15977 116
0 16009 116
0 16010 116
0 16012 116
0 16013 116
0 16014 116
0 16017 116
0 16047 116
0 19483 116
0 19576 116
0 20358 116
0 23829 116
0 29649 116
0 29728 116
0 34056 116
0 16008 111
0 16016 111
0 16039 111
0 77239 111
0 77734 111
0 78540 111
0 78557 111
0 80601 111
0 13622 90
0 15740 90
1 41600 20
0 16068 18
1 11978 18
0 16070 18
0 16071 18
0 16160 18
0 17926 18
0 25481 18
1 11977 16
1 11924 12
1 11944 12
0 15978 12
0 17103 12
1 5363 0
0 14170 21
1 6119 21
1 10790 21
0 16596 21
1 6075 21
0 22048 21
0 24919 21
0 24940 21
0 25756 21
0 28561 21
0 28574 21
0 33036 21
0 58861 21
0 19890 15
0 26733 9
1 6702 9
1 17799 9
0 26803 9
0 34499 9
1 10266 0
0 41815 9
1 11653 9
0 27823 12
1 6867 12
1 15036 12
0 42526 12
0 43934 12
0 56492 12
0 21495 9
1 15035 9
0 24925 9
1 16834 9
0 25536 9
0 37153 9
0 49016 9
0 56617 9
0 82751 9
1 20364 0
0 45997 18
1 18025 18
1 23923 18
0 46610 18
0 47469 18
0 47584 18
0 47615 18
0 47618 18
0 41486 0
1 9546 25
1 25176 25
1 25177 25
1 25178 25
1 25179 25
0 44962 25
0 49830 25
0 76199 25
0 76200 25
1 8783 18
1 11652 0
0 20446 12
1 14406 12
0 39546 18
1 14407 18
1 19646 18
0 45791 18
0 46158 18
0 48708 18
0 58442 18
0 82627 18
0 65350 15
1 27981 15
1 36592 15
0 65351 15
0 72873 15
0 73427 15
0 82474 15
0 43888 12
0 43965 12
0 44626 12
0 47634 12
1 26832 12
0 58311 12
0 71494 12
0 72643 12
1 10651 0
0 38068 15
1 10650 15
1 13937 15
0 48718 15
0 67018 15
0 76985 15
0 86356 15
1 4605 0
0 4881 9
1 45 9
1 4604 9
0 63599 9
0 71913 9
0 47424 0
1 19438 18
1 19439 18
1 19440 18
0 29711 18
0 38169 18
0 40363 18
0 47425 18
0 47939 18
0 47768 0
1 9118 15
1 28034 15
1 28035 15
0 49533 15
0 54227 15
0 60599 15
0 74659 15
0 29239 9
1 17921 9
1 18417 9
0 57168 9
0 74331 9
1 29217 0
0 59565 12
1 24520 12
1 33940 12
1 33941 12
0 83505 12
0 85506 12
0 85681 12
1 29796 0
0 63594 12
1 27068 12
1 28612 12
0 63596 12
0 63615 12
0 63616 12
1 23552 0
0 47655 27
1 14972 27
1 25247 27
0 59212 27
0 66730 27
0 68434 27
0 68614 27
0 71191 27
0 79615 27
0 82512 27
0 87656 27
1 22805 0
0 51802 12
1 28493 12
1 29958 12
0 51803 12
0 51805 12
0 51806 12
0 51790 9
1 29949 9
0 51792 9
0 51794 9
1 9562 0
0 12515 21
1 9561 21
1 9812 21
0 12516 21
0 50542 21
0 54056 21
0 72856 21
0 80881 21
0 85668 21
1 5452 0
0 26590 12
1 13427 12
0 18631 39
1 13426 39
1 13428 39
0 27218 39
0 73444 39
0 75789 39
0 75792 39
0 75794 39
0 75807 39
0 75825 39
0 75853 39
0 75868 39
0 75869 39
0 75871 39
0 75892 39
0 37471 12
0 39141 12
0 40926 12
0 6003 9
1 5453 9
1 5454 9
0 38022 9
0 45059 9
1 12725 0
0 17358 24
1 12726 24
1 12727 24
0 20836 24
0 36987 24
0 53873 24
0 53891 24
0 53892 24
0 54115 24
0 54141 24
1 8084 0
0 9866 51
1 8082 51
1 8083 51
0 20873 51
0 20874 51
0 20885 51
0 21084 51
0 21085 51
0 21086 51
0 21119 51
0 21268 51
0 21427 51
0 21462 51
0 21487 51
0 21543 51
0 21603 51
0 63937 51
0 76202 51
0 76666 51
0 53882 0
1 22946 24
1 22947 24
1 22948 24
1 22950 24
1 22951 24
1 22952 24
0 36513 24
0 73772 24
0 85316 24
1 5710 0
0 6315 9
1 5711 9
1 5712 9
0 25289 9
0 25293 9
1 16317 0
0 23950 24
1 16318 24
1 16319 24
0 52627 24
0 52717 24
0 53260 24
0 62131 24
0 65653 24
0 68124 24
0 71046 24
0 56003 0
1 2959 120
1 11253 120
1 11254 120
0 14988 120
0 15056 120
0 15166 120
0 15773 120
0 15965 120
0 15976 120
0 16116 120
0 16424 120
0 17694 120
0 20912 120
0 21716 120
0 21957 120
0 21960 120
0 22486 120
0 22487 120
0 23043 120
0 23190 120
0 23615 120
0 24178 120
0 26131 120
0 27127 120
0 29823 120
0 30790 120
0 31989 120
0 32760 120
0 34265 120
0 34274 120
0 38139 120
0 38604 120
0 39151 120
0 39975 120
0 40187 120
0 49295 120
0 49305 120
0 54917 120
0 68027 120
0 86815 120
0 87390 120
0 87398 120
1 8624 54
0 23616 54
0 33581 54
0 33856 54
0 34374 54
0 87420 54
0 87421 54
0 87428 54
0 87432 54
0 87435 54
1 12920 45
1 16126 40
0 56752 0
1 18682 15
1 18683 15
1 18684 15
0 28387 15
0 35129 15
0 35136 15
0 35274 15
0 57731 0
1 24281 33
1 26115 33
1 26116 33
0 43628 33
0 43629 33
0 48975 33
0 48976 33
0 50145 33
0 54390 33
0 55058 33
0 56445 33
0 61658 33
0 68281 33
1 29143 16
1 23545 0
0 37799 9
1 23164 9
1 23165 9
0 43689 9
0 88276 9
1 4800 0
0 5124 12
1 1029 12
1 1030 12
0 5479 12
0 59874 12
0 79614 12
1 16139 0
0 46673 12
1 16140 12
1 24258 12
0 53876 12
0 56641 12
0 58023 12
1 7927 0
0 16812 12
1 8473 12
1 11528 12
1 12414 12
0 19301 12
0 29170 12
0 43741 12
1 13109 0
0 17971 25
1 13110 25
1 13111 25
1 13112 25
1 13113 25
0 28675 25
0 53299 25
0 59896 25
0 60802 25
0 53140 18
1 5782 0
0 22291 12
1 8987 12
1 9584 12
0 23428 12
0 26094 12
0 43734 12
1 2071 0
0 1913 76
1 2069 76
1 2070 76
0 2142 76
1 2149 76
0 4295 76
0 6016 76
0 8054 76
0 9819 76
0 11055 76
0 18235 76
0 27899 76
0 27942 76
0 28555 76
0 30611 76
0 31059 76
0 31167 76
0 31905 76
0 35146 76
0 41191 76
0 41232 76
0 41237 76
0 1847 63
0 7829 63
0 11218 63
0 13331 63
0 11211 60
1 16723 0
0 24720 9
1 16726 9
1 16727 9
0 35035 9
0 78784 9
1 8463 0
0 17868 12
1 8464 12
1 13043 12
0 25835 12
0 27050 12
0 51652 12
1 20962 0
0 32587 12
1 20963 12
1 20964 12
0 48225 12
0 50073 12
0 55767 12
0 40923 9
1 24945 9
0 42275 9
0 42279 9
1 17541 0
0 53700 27
1 17542 27
1 30953 27
0 60871 27
0 62042 27
0 62154 27
0 63345 27
0 65990 27
0 76036 27
0 76606 27
0 87559 27
1 5757 0
0 6363 15
1 5759 15
1 5760 15
0 7835 15
0 17781 15
0 35580 15
0 35598 15
1 9788 0
0 66297 9
1 15030 9
1 19729 9
0 66310 9
0 66387 9
0 68522 0
1 26579 24
1 26580 24
1 26581 24
0 44610 24
0 49244 24
0 54925 24
0 61144 24
0 76441 24
0 78733 24
0 79045 24
0 69337 0
1 38404 24
1 38405 24
1 38406 24
0 71712 24
0 75731 24
0 80930 24
0 82637 24
0 84782 24
0 84784 24
0 85444 24
0 27986 0
1 18469 12
1 18470 12
1 18471 12
0 28523 12
0 30044 12
0 31947 12
0 84493 0
1 5829 12
1 6680 12
1 6681 12
1 6682 12
0 7602 12
0 67751 12
1 23008 0
0 39516 9
1 4708 9
1 24355 9
0 63091 9
0 67382 9
1 33 0
0 74007 18
1 591 18
1 17475 18
0 74810 18
0 79744 18
0 81592 18
0 82937 18
0 83462 18
1 64 0
0 19568 24
1 2301 24
1 4291 24
0 88836 24
0 88837 24
0 88838 24
0 88839 24
0 88843 24
0 88844 24
0 88878 24
0 2077 9
1 2300 9
0 10832 36
1 5080 36
1 8691 36
0 10833 36
0 10843 36
0 10844 36
0 10846 36
0 10847 36
0 10850 36
0 10855 36
0 10859 36
0 10861 36
0 10864 36
0 11014 36
0 88832 9
1 97 0
0 1113 15
1 99 15
0 1114 15
0 1115 15
1 1306 15
0 2217 15
0 14252 15
0 64 9
1 100 9
0 779 9
1 168 0
0 665 12
1 914 12
1 915 12
0 1406 12
0 3603 12
0 47850 12
1 169 9
0 12254 9
1 2114 0
0 1884 108
1 2115 108
1 2116 108
1 2117 108
0 6459 108
0 7040 108
0 7901 108
0 9942 108
0 10566 108
0 16022 108
0 19866 108
0 20722 108
0 23484 108
0 28422 108
0 28514 108
0 29744 108
0 33645 108
0 33668 108
0 34204 108
0 34230 108
0 34654 108
0 35381 108
0 35383 108
0 35974 108
0 41967 108
0 45650 108
0 48174 108
0 63773 108
0 81515 108
0 81762 108
0 66951 84
1 2613 0
0 2434 63
1 2614 63
1 2615 63
0 4492 63
0 6908 63
0 8364 63
0 12412 63
0 14111 63
0 14874 63
0 19061 63
0 20659 63
0 31718 63
0 32029 63
0 33803 63
0 35131 63
0 37513 63
0 41570 63
0 41571 63
0 41829 63
0 43917 63
0 47172 63
0 53762 63
0 56382 63
1 2694 0
0 2613 76
1 2695 81
1 2696 81
1 2697 81
0 4946 81
0 7608 81
0 7609 81
0 7699 81
0 7700 81
0 7775 81
0 8168 81
0 11443 81
0 12766 81
0 13501 81
0 14372 81
0 14379 81
0 14617 81
0 14644 81
0 14737 81
0 14845 81
0 15003 81
0 15007 81
0 23632 81
0 35488 81
0 36611 81
0 47306 81
0 52665 81
0 74135 81
0 74136 81
0 79446 81
0 6397 60
1 2877 0
0 2839 45
1 2878 45
1 2879 45
1 2880 45
1 2881 45
0 4676 45
0 5623 45
0 5771 45
0 11789 45
0 12072 45
0 12135 45
0 13440 45
0 43897 45
0 8821 40
1 7541 40
1 7542 40
1 7543 40
0 9752 40
0 28454 40
0 35830 40
0 36109 40
0 36667 40
0 36728 40
0 43063 40
0 11881 33
0 12857 33
0 13858 9
1 9603 9
1 10607 9
0 29037 9
0 41002 9
1 3339 0
0 3375 27
1 3340 27
1 3341 27
0 12144 27
0 13850 27
0 17928 27
0 18313 27
0 18878 27
0 18905 27
0 19350 27
0 33447 27
0 8783 12
1 7509 12
0 17091 12
0 28972 12
0 50099 12
1 3480 0
0 4552 56
1 4332 56
1 4333 56
1 4334 56
0 10517 56
0 24608 56
0 24730 56
0 24731 56
0 25128 56
0 37266 56
0 37272 56
0 37273 56
0 37277 56
0 37280 56
0 37292 56
0 37294 56
0 37295 56
0 37330 48
0 37331 48
0 51008 45
0 10784 25
1 8662 25
1 8663 25
1 8664 25
0 23340 25
0 23341 25
0 23421 25
0 23423 25
0 23424 24
0 24155 21
1 15995 18
1 3492 0
0 10694 12
1 3493 12
1 4093 12
1 4094 12
0 4231 12
0 10696 12
0 14427 12
0 17897 12
1 3739 0
0 14437 27
1 4279 27
1 10931 27
0 36418 27
0 49312 27
0 49570 27
0 54948 27
0 60447 27
0 75152 27
0 79923 27
0 79924 27
1 4987 0
0 6718 12
1 4988 12
1 6000 12
1 6001 12
0 7301 12
0 8296 12
0 10508 12
0 34309 12
0 43367 12
1 5097 0
0 32655 33
1 10645 33
1 14318 33
0 33359 33
0 40660 33
0 42388 33
0 43994 33
0 45837 33
0 45838 33
0 48345 33
0 48492 33
0 49143 33
0 50545 33
1 21405 20
1 24838 16
1 5369 0
0 8392 24
1 6512 24
1 7211 24
0 30134 24
0 30136 24
0 31837 24
0 31838 24
0 44535 24
0 49252 24
0 51469 24
1 5445 0
0 5995 57
1 5446 57
1 5447 57
0 20765 57
0 21424 57
0 23093 57
0 27208 57
0 30032 57
0 34243 57
0 36872 57
0 37218 57
0 37220 57
0 41522 57
0 47478 57
0 49389 57
0 49391 57
0 63033 57
0 70107 57
0 70311 57
0 70313 57
0 71944 57
1 5647 0
0 15057 28
1 11289 28
1 11290 28
1 11291 28
0 28269 28
0 46612 28
0 47812 28
0 47838 28
0 47840 28
0 58276 28
0 35576 27
0 47839 27
0 35619 24
0 47809 24
1 5648 18
0 47775 18
1 5877 0
0 6547 63
1 5878 63
1 5879 63
0 8395 63
0 17786 63
0 18306 63
0 18944 63
0 22940 63
0 26804 63
0 26805 63
0 35408 63
0 35965 63
0 41922 63
0 42736 63
0 42737 63
0 45525 63
0 46862 63
0 50566 63
0 57255 63
0 68834 63
0 84508 63
0 84582 63
0 84773 63
1 5903 0
0 7039 45
1 6234 45
1 6235 45
0 12847 45
0 16627 45
0 16628 45
0 16788 45
0 25723 45
0 26824 45
0 31247 45
0 31248 45
0 32503 45
0 41660 45
0 43190 45
0 43191 45
0 43193 45
0 43195 45
1 6236 32
0 81357 30
0 84875 30
1 17281 20
1 6894 0
0 7918 56
1 6895 56
1 6896 56
1 6897 56
0 46603 56
0 46640 56
0 46742 56
0 46747 56
0 46750 56
0 46757 56
0 46770 56
0 47402 56
0 47421 56
0 47446 56
0 47457 56
0 47458 56
0 47470 56
0 46615 54
0 47580 54
0 47599 54
0 47602 54
1 7112 0
0 36126 18
1 9708 18
1 22770 18
0 47811 18
0 50364 18
0 67907 18
0 68780 18
0 68781 18
0 21019 16
1 10820 16
1 10821 16
0 24494 16
0 28445 16
0 36811 16
0 36614 15
1 7115 0
0 8256 18
1 7116 18
1 7117 18
0 15875 18
0 47474 18
0 48204 18
0 49175 18
0 49320 18
1 27924 16
1 7606 0
0 8916 18
1 7607 18
1 7609 18
0 9716 18
0 25173 18
0 30022 18
0 32348 18
0 50690 18
1 7608 16
1 8554 0
0 10588 27
1 8555 27
1 8557 27
1 8558 27
0 12554 27
0 12555 27
0 12649 27
0 12790 27
0 20570 27
0 24929 27
0 34199 27
0 35453 27
0 36704 27
0 43957 27
0 43959 27
0 45801 27
1 9309 0
0 11755 32
1 9310 32
1 9311 32
1 9312 32
0 20853 32
0 46053 32
0 46054 32
0 46055 32
0 46072 32
0 46073 32
0 46108 32
0 46109 30
0 60345 30
1 9384 0
0 38690 24
1 22955 24
1 23976 24
1 23977 24
0 44632 24
0 46647 24
0 70977 24
0 75331 24
0 75332 24
1 9532 0
0 12095 54
1 9533 54
1 9535 54
0 53689 54
0 53790 54
0 53810 54
0 53815 54
0 53818 54
0 53839 54
0 53851 54
0 53852 54
0 53854 54
0 53890 54
0 53915 54
0 53921 54
0 54002 54
0 54079 54
0 54120 54
0 54143 54
0 56033 54
1 9534 36
1 27090 36
0 63657 33
0 64059 33
0 63585 30
1 11460 0
0 15296 18
1 11461 18
1 11462 18
0 29425 18
0 48650 18
0 48745 18
0 48900 18
0 56576 18
1 12376 0
0 16760 30
1 12377 30
1 12378 30
0 36078 30
0 43007 30
0 45087 30
0 46766 30
0 49956 30
0 58323 30
0 63661 30
0 66527 30
0 88528 30
0 24632 9
1 16682 9
0 35563 9
0 48146 9
1 13052 0
0 17883 24
1 13053 24
1 13054 24
1 13055 24
0 21609 24
0 28115 24
0 34982 24
0 34983 24
0 41311 24
1 13526 0
0 18863 39
1 13527 39
1 13528 39
0 36340 39
0 36342 39
0 36343 39
0 36344 39
0 36345 39
0 36346 39
0 36347 39
0 36348 39
0 45670 39
0 55082 39
0 59035 39
0 66698 39
1 13771 0
0 19269 48
1 13772 48
1 13773 48
0 19270 48
0 19300 48
0 19337 48
0 19341 48
0 19342 48
0 19700 48
0 19710 48
0 28430 48
0 28920 48
0 40036 48
0 49962 48
0 50027 48
0 54621 48
0 69691 48
0 83007 48
1 13804 0
0 19389 15
1 13805 15
1 13806 15
1 13827 15
1 13828 15
0 19390 15
0 19391 15
0 19338 12
1 14197 0
0 20096 15
1 14198 15
1 14199 15
0 21109 15
0 48349 15
0 61544 15
0 64932 15
1 14200 12
1 28323 12
0 63552 12
1 14969 0
0 21388 21
1 14970 21
1 14971 21
0 28225 21
0 28234 21
0 29298 21
0 30254 21
0 37078 21
0 50514 21
1 15247 0
0 33706 30
1 21403 30
1 21575 30
0 35087 30
0 47152 30
0 47154 30
0 63381 30
0 66094 30
0 69601 30
0 70041 30
0 76414 30
0 83107 30
1 22254 12
1 15338 0
0 22108 18
1 15339 18
1 15340 18
0 22109 18
0 22956 18
0 22987 18
0 22988 18
0 23000 18
1 19145 0
0 29184 20
1 19146 21
1 19147 21
1 19148 21
0 55347 21
0 55360 21
0 55416 21
0 55417 21
0 55418 21
0 55420 21
1 19149 20
1 20311 0
0 31297 18
1 20312 18
1 20314 18
0 31302 18
0 50421 18
0 50589 18
0 51508 18
0 81557 18
1 21545 0
0 35735 15
1 21549 15
1 21571 15
1 21775 15
0 34064 15
0 35292 15
0 35736 15
0 35826 15
0 38853 15
0 39053 15
0 39978 15
0 35734 12
0 41231 12
1 22441 0
0 60239 18
1 34261 18
1 34262 18
0 75102 18
0 75103 18
0 76569 18
0 76570 18
0 76571 18
1 23206 0
0 37005 33
1 23207 33
1 23208 33
0 37230 33
0 37325 33
0 37488 33
0 37793 33
0 38114 33
0 39391 33
0 54379 33
0 55121 33
0 55274 33
0 56401 33
1 23257 0
0 40453 18
1 24752 18
1 24753 18
0 65428 18
0 70378 18
0 74986 18
0 74989 18
0 81995 18
1 23970 0
0 38685 24
1 23971 24
1 23972 24
1 23973 24
0 38948 24
0 39977 24
0 40037 24
0 52789 24
0 57378 24
1 24215 0
0 39215 30
1 24216 30
1 24217 30
0 47280 30
0 76421 30
0 86040 30
0 86184 30
0 86186 30
0 86246 30
0 86282 30
0 86285 30
0 86296 30
1 38637 0
0 69786 32
1 38638 32
1 38639 32
1 38640 32
0 69810 32
0 69812 32
0 69814 32
0 69818 32
0 69820 32
0 69833 32
0 69842 32
0 69831 27
0 69834 27
0 69848 27
